1e1 5e-1 1e-2 100
1e1 5e-1 2e-2 100
1e1 5e-1 3e-2 100
1e1 5e-1 4e-2 100
1e1 5e-1 5e-2 100
1e1 6e-1 1e-2 100
1e1 6e-1 2e-2 100
1e1 6e-1 3e-2 100
1e1 6e-1 4e-2 100
1e1 6e-1 5e-2 100
1e1 7e-1 1e-2 100
1e1 7e-1 2e-2 100
1e1 7e-1 3e-2 100
1e1 7e-1 4e-2 100
1e1 7e-1 5e-2 100
1e1 8e-1 1e-2 100
1e1 8e-1 2e-2 100
1e1 8e-1 3e-2 100
1e1 8e-1 4e-2 100
1e1 8e-1 5e-2 100
1e1 9e-1 1e-2 100
1e1 9e-1 2e-2 100
1e1 9e-1 3e-2 100
1e1 9e-1 4e-2 100
1e1 9e-1 5e-2 100
1e2 5e-1 1e-2 100
1e2 5e-1 2e-2 100
1e2 5e-1 3e-2 100
1e2 5e-1 4e-2 100
1e2 5e-1 5e-2 100
1e2 6e-1 1e-2 100
1e2 6e-1 2e-2 100
1e2 6e-1 3e-2 100
1e2 6e-1 4e-2 100
1e2 6e-1 5e-2 100
1e2 7e-1 1e-2 100
1e2 7e-1 2e-2 100
1e2 7e-1 3e-2 100
1e2 7e-1 4e-2 100
1e2 7e-1 5e-2 100
1e2 8e-1 1e-2 100
1e2 8e-1 2e-2 100
1e2 8e-1 3e-2 100
1e2 8e-1 4e-2 100
1e2 8e-1 5e-2 100
1e2 9e-1 1e-2 100
1e2 9e-1 2e-2 100
1e2 9e-1 3e-2 100
1e2 9e-1 4e-2 100
1e2 9e-1 5e-2 100
1e3 5e-1 1e-2 100
1e3 5e-1 2e-2 100
1e3 5e-1 3e-2 100
1e3 5e-1 4e-2 100
1e3 5e-1 5e-2 100
1e3 6e-1 1e-2 100
1e3 6e-1 2e-2 100
1e3 6e-1 3e-2 100
1e3 6e-1 4e-2 100
1e3 6e-1 5e-2 100
1e3 7e-1 1e-2 100
1e3 7e-1 2e-2 100
1e3 7e-1 3e-2 100
1e3 7e-1 4e-2 100
1e3 7e-1 5e-2 100
1e3 8e-1 1e-2 100
1e3 8e-1 2e-2 100
1e3 8e-1 3e-2 100
1e3 8e-1 4e-2 100
1e3 8e-1 5e-2 100
1e3 9e-1 1e-2 100
1e3 9e-1 2e-2 100
1e3 9e-1 3e-2 100
1e3 9e-1 4e-2 100
1e3 9e-1 5e-2 100
1e4 5e-1 1e-2 100
1e4 5e-1 2e-2 100
1e4 5e-1 3e-2 100
1e4 5e-1 4e-2 100
1e4 5e-1 5e-2 100
1e4 6e-1 1e-2 100
1e4 6e-1 2e-2 100
1e4 6e-1 3e-2 100
1e4 6e-1 4e-2 100
1e4 6e-1 5e-2 100
1e4 7e-1 1e-2 100
1e4 7e-1 2e-2 100
1e4 7e-1 3e-2 100
1e4 7e-1 4e-2 100
1e4 7e-1 5e-2 100
1e4 8e-1 1e-2 100
1e4 8e-1 2e-2 100
1e4 8e-1 3e-2 100
1e4 8e-1 4e-2 100
1e4 8e-1 5e-2 100
1e4 9e-1 1e-2 100
1e4 9e-1 2e-2 100
1e4 9e-1 3e-2 100
1e4 9e-1 4e-2 100
1e4 9e-1 5e-2 100
1e5 5e-1 1e-2 100
1e5 5e-1 2e-2 100
1e5 5e-1 3e-2 100
1e5 5e-1 4e-2 100
1e5 5e-1 5e-2 100
1e5 6e-1 1e-2 100
1e5 6e-1 2e-2 100
1e5 6e-1 3e-2 100
1e5 6e-1 4e-2 100
1e5 6e-1 5e-2 100
1e5 7e-1 1e-2 100
1e5 7e-1 2e-2 100
1e5 7e-1 3e-2 100
1e5 7e-1 4e-2 100
1e5 7e-1 5e-2 100
1e5 8e-1 1e-2 100
1e5 8e-1 2e-2 100
1e5 8e-1 3e-2 100
1e5 8e-1 4e-2 100
1e5 8e-1 5e-2 100
1e5 9e-1 1e-2 100
1e5 9e-1 2e-2 100
1e5 9e-1 3e-2 100
1e5 9e-1 4e-2 100
1e5 9e-1 5e-2 100
